iteration, added, total, selection, f1, time
1, 190, 1438, entropy, 0.45812, 298095
2, 377, 1815, entropy, 0.50749, 621712
3, 413, 2228, entropy, 0.40015, 975328
4, 575, 2803, entropy, 0.43067, 1314879
5, 527, 3330, entropy, 0.44036, 1762599
6, 582, 3912, entropy, 0.46163, 2196588
7, 614, 4526, entropy, 0.47735, 2572752
8, 653, 5179, entropy, 0.49548, 2996979
9, 714, 5893, entropy, 0.50846, 3526887
10, 787, 6680, entropy, 0.52643, 4034476
11, 800, 7480, entropy, 0.53758, 4549644
12, 848, 8328, entropy, 0.54369, 5106940
13, 859, 9187, entropy, 0.59621, 5665162
14, 837, 10024, entropy, 0.60623, 6360504
15, 921, 10945, entropy, 0.64244, 7092608
16, 913, 11858, entropy, 0.64945, 7895360
17, 971, 12829, entropy, 0.66077, 8719968
18, 1009, 13838, entropy, 0.66527, 9565781
19, 1047, 14885, entropy, 0.66914, 10425168
20, 1059, 15944, entropy, 0.66707, 11359492
21, 1078, 17022, entropy, 0.67891, 12486872
22, 1101, 18123, entropy, 0.68533, 13654935
23, 1124, 19247, entropy, 0.68942, 14761739
24, 1178, 20425, entropy, 0.69718, 15869682
25, 1163, 21588, entropy, 0.69908, 16993613
26, 1197, 22785, entropy, 0.70533, 18133200
27, 1248, 24033, entropy, 0.70940, 19500558
28, 1250, 25283, entropy, 0.71382, 20965277
29, 1277, 26560, entropy, 0.71951, 22287694
30, 1290, 27850, entropy, 0.72261, 23937611
31, 1285, 29135, entropy, 0.72701, 25694993
32, 1346, 30481, entropy, 0.72790, 27328177
33, 1358, 31839, entropy, 0.73405, 29073307
34, 1360, 33199, entropy, 0.73793, 30801821
35, 1397, 34596, entropy, 0.73996, 32523220
36, 1425, 36021, entropy, 0.73969, 34026233
37, 1449, 37470, entropy, 0.74124, 35573856
38, 1464, 38934, entropy, 0.74445, 37407858
39, 1466, 40400, entropy, 0.74652, 39291098
40, 1544, 41944, entropy, 0.74988, 40919964
41, 1545, 43489, entropy, 0.74917, 42923627
42, 1525, 45014, entropy, 0.75374, 45142683
1, 176, 1424, length, 0.42963, 85600
2, 329, 1753, length, 0.48508, 202299
3, 395, 2148, length, 0.39749, 294290
4, 446, 2594, length, 0.40740, 387005
5, 501, 3095, length, 0.43028, 504113
6, 540, 3635, length, 0.44819, 643899
7, 597, 4232, length, 0.47443, 787378
8, 641, 4873, length, 0.48784, 920783
9, 680, 5553, length, 0.49981, 1065499
10, 720, 6273, length, 0.51362, 1218693
11, 773, 7046, length, 0.52928, 1359917
12, 788, 7834, length, 0.54076, 1517050
13, 840, 8674, length, 0.58589, 1693063
14, 863, 9537, length, 0.60103, 1880086
15, 900, 10437, length, 0.61951, 2075931
16, 933, 11370, length, 0.61450, 2274502
17, 960, 12330, length, 0.64336, 2502070
18, 982, 13312, length, 0.65967, 2762639
19, 1020, 14332, length, 0.66410, 3013278
20, 1030, 15362, length, 0.66484, 3301518
21, 1080, 16442, length, 0.67390, 3603335
22, 1080, 17522, length, 0.67759, 3900893
23, 1128, 18650, length, 0.68188, 4184442
24, 1140, 19790, length, 0.68751, 4493971
25, 1178, 20968, length, 0.69019, 4846514
26, 1200, 22168, length, 0.69845, 5189116
27, 1201, 23369, length, 0.70445, 5537905
28, 1260, 24629, length, 0.70882, 5922782
29, 1260, 25889, length, 0.70994, 6347381
30, 1290, 27179, length, 0.71638, 6788320
31, 1320, 28499, length, 0.72105, 7214773
32, 1320, 29819, length, 0.72354, 7697430
33, 1370, 31189, length, 0.72603, 8155753
34, 1380, 32569, length, 0.73088, 8715534
35, 1387, 33956, length, 0.73362, 9272031
36, 1440, 35396, length, 0.73876, 9758436
37, 1440, 36836, length, 0.74019, 10302805
38, 1483, 38319, length, 0.74451, 10852842
39, 1500, 39819, length, 0.74795, 11401205
40, 1520, 41339, length, 0.74812, 12008248
41, 1560, 42899, length, 0.75045, 12610716
42, 1560, 44459, length, 0.75264, 13266005
43, 1589, 46048, length, 0.75355, 14036331
44, 1620, 47668, length, 0.75701, 14777603
45, 1620, 49288, length, 0.76062, 15508831
46, 1669, 50957, length, 0.76142, 16230991
47, 1680, 52637, length, 0.76264, 17014779
48, 1704, 54341, length, 0.76522, 17839219
49, 1740, 56081, length, 0.76599, 18754330
50, 1755, 57836, length, 0.76833, 19711914
51, 1800, 59636, length, 0.76992, 20636665
52, 1800, 61436, length, 0.76909, 21528286
53, 1860, 63296, length, 0.76986, 22365971
54, 1870, 65166, length, 0.77166, 23416599
55, 1920, 67086, length, 0.77233, 24407612
56, 1960, 69046, length, 0.77571, 25402902
57, 1980, 71026, length, 0.77740, 26435649
58, 2032, 73058, length, 0.77845, 27447226
59, 2053, 75111, length, 0.78003, 28544068
60, 2100, 77211, length, 0.78062, 29603936
61, 2139, 79350, length, 0.78075, 30640962
62, 2163, 81513, length, 0.78299, 31680100
63, 2220, 83733, length, 0.78438, 32876284
64, 2252, 85985, length, 0.78432, 34034422
65, 2295, 88280, length, 0.78713, 35299025
66, 2346, 90626, length, 0.78721, 36496971
67, 2414, 93040, length, 0.78785, 37697160
68, 2486, 95526, length, 0.78986, 38915060
69, 2588, 98114, length, 0.78901, 40201148
70, 2681, 100795, length, 0.78960, 41499579
71, 2782, 103577, length, 0.79096, 43097707
72, 2924, 106501, length, 0.78968, 44523235
73, 3094, 109595, length, 0.79145, 46202718
1, 1692, 2940, random, 0.46576, 102677
2, 1317, 4257, random, 0.51624, 238734
3, 1437, 5694, random, 0.54526, 406746
4, 1436, 7130, random, 0.55996, 598267
5, 1511, 8641, random, 0.57292, 774919
6, 1577, 10218, random, 0.62783, 1021461
7, 1442, 11660, random, 0.66104, 1302600
8, 1614, 13274, random, 0.67830, 1597749
9, 1543, 14817, random, 0.68088, 1891847
10, 1537, 16354, random, 0.68041, 2227366
11, 1506, 17860, random, 0.68813, 2580034
12, 1598, 19458, random, 0.69271, 2969738
13, 1655, 21113, random, 0.70636, 3438559
14, 1534, 22647, random, 0.71064, 3908434
15, 1630, 24277, random, 0.71639, 4442574
16, 1647, 25924, random, 0.72259, 5034441
17, 1634, 27558, random, 0.72504, 5673192
18, 1582, 29140, random, 0.73279, 6237588
19, 1495, 30635, random, 0.73496, 6862529
20, 1651, 32286, random, 0.74300, 7483465
21, 1496, 33782, random, 0.74427, 8122289
22, 1745, 35527, random, 0.74817, 8732810
23, 1385, 36912, random, 0.74852, 9406076
24, 1496, 38408, random, 0.75082, 10109142
25, 1451, 39859, random, 0.75037, 10862573
26, 1558, 41417, random, 0.75017, 11615748
27, 1593, 43010, random, 0.74958, 12428156
28, 1467, 44477, random, 0.75188, 13256890
29, 1557, 46034, random, 0.75511, 14185536
30, 1581, 47615, random, 0.75684, 14980217
31, 1448, 49063, random, 0.75972, 15951648
32, 1380, 50443, random, 0.76278, 16949822
33, 1452, 51895, random, 0.76335, 17880398
34, 1697, 53592, random, 0.76493, 18902100
35, 1649, 55241, random, 0.76654, 19992678
36, 1605, 56846, random, 0.76732, 21065205
37, 1595, 58441, random, 0.76964, 22247284
38, 1468, 59909, random, 0.77100, 23363915
39, 1487, 61396, random, 0.77303, 24560361
40, 1635, 63031, random, 0.77503, 25769359
41, 1543, 64574, random, 0.77537, 27007923
42, 1360, 65934, random, 0.77726, 28104903
43, 1529, 67463, random, 0.77727, 29311402
44, 1575, 69038, random, 0.77791, 30533543
45, 1537, 70575, random, 0.77931, 31800389
46, 1560, 72135, random, 0.77963, 32954997
47, 1478, 73613, random, 0.78124, 34257499
48, 1424, 75037, random, 0.78137, 35554484
49, 1638, 76675, random, 0.78212, 36929923
50, 1500, 78175, random, 0.78014, 38319217
51, 1532, 79707, random, 0.78172, 39707001
52, 1516, 81223, random, 0.78198, 41080467
53, 1616, 82839, random, 0.78197, 42357350
54, 1573, 84412, random, 0.78311, 43605215
55, 1532, 85944, random, 0.78448, 44898973
56, 1670, 87614, random, 0.78434, 46416803
1, 889, 2137, top, 0.39849, 524841
2, 1596, 3733, top, 0.48398, 992097
3, 1611, 5344, top, 0.51959, 1670620
4, 1583, 6927, top, 0.58733, 2472742
5, 1553, 8480, top, 0.60546, 3454371
6, 1394, 9874, top, 0.60882, 4609356
7, 1850, 11724, top, 0.63319, 5941639
8, 1537, 13261, top, 0.66579, 7528904
9, 1577, 14838, top, 0.68645, 9386963
10, 1655, 16493, top, 0.69375, 11300079
11, 1572, 18065, top, 0.67130, 13309406
12, 1554, 19619, top, 0.66895, 15446830
13, 1522, 21141, top, 0.67392, 17929015
14, 1419, 22560, top, 0.69337, 20529436
15, 1407, 23967, top, 0.70070, 23621287
16, 1228, 25195, top, 0.71052, 26701265
17, 1647, 26842, top, 0.71123, 29400348
18, 1684, 28526, top, 0.71364, 32169224
19, 1428, 29954, top, 0.72361, 34652489
20, 1346, 31300, top, 0.71265, 37497916
21, 1569, 32869, top, 0.71285, 40476685
22, 1733, 34602, top, 0.72748, 43261742
23, 1533, 36135, top, 0.74545, 46059808